0.0111
0.0111
0.0111
0.0111
0.0111
0.0111
0.0111
0.0111
0.0111
0.0111
0.011088889
0.011088889
0.011088889
0.011088889
0.011088889
0.011088889
0.011077778
0.011077778
0.011066667
0.011066667
0.011066667
0.011066667
0.011055556
0.011055556
0.011055556
0.011044444
0.011044444
0.011044444
0.011044444
0.011033333
0.011033333
0.011033333
0.011033333
0.011033333
0.011033333
0.011033333
0.011055556
0.0111
0.011144444
0.011144444
0.011144444
0.011166667
0.011166667
0.011188889
0.0112
0.0112
0.011233333
0.011233333
0.011255556
0.011277778
0.0113
0.011322222
0.011322222
0.011344444
0.011388889
0.011388889
0.011433333
0.011488889
0.011511111
0.011555556
0.011566667
0.011566667
0.011566667
0.011577778
0.0116
0.011611111
0.011633333
0.011633333
0.011655556
0.011677778
0.011677778
0.011677778
0.011688889
0.011711111
0.0117
0.011744444
0.011744444
0.011788889
0.011788889
0.011833333
0.011844444
0.011844444
0.011888889
0.011877778
0.011877778
0.011966667
0.011966667
0.011966667
0.011966667
0.011988889
0.011988889
0.012011111
0.012055556
0.012055556
0.012055556
0.012055556
0.012055556
0.0121
0.012144444
0.0094111111
0.0080222222
0.0074111111
0.0070666667
0.0068777778
0.0068111111
0.0067666667
0.0067444444
0.0067555556
0.0067777778
0.0067777778
0.0068
0.0068444444
0.0068444444
0.0068555556
0.0068777778
0.0069
0.0069222222
0.0069888889
0.0069888889
0.0069888889
0.0070111111
0.0070111111
0.0070333333
0.0070555556
0.0070777778
0.0071
0.0071
0.0071444444
0.0072111111
